1.944907499155774744e+01
1.763145598923362201e+01
1.733516665370735055e+01
1.295941568266369970e+01
2.027261491719431064e+01
2.365109932395327164e+01
1.529283783594283541e+01
2.140321297934355371e+01
1.560818513606541380e+01
-6.635750807863284306e-01
7.660930139642256442e+00
1.074880172413191026e+01
6.461799283082822143e+00
8.357068943538566330e+00
2.179009891632048479e+01
2.805165231974234175e+01
3.961380398380939027e+01
1.616376313615560179e+01
1.368370918141088666e+01
8.235354218147472594e+00
-6.575124466115529920e+00
4.555908825824633857e-01
2.430928504976255766e+01
1.081507049550938682e+01
1.638127037903937122e+01
4.209384944856320310e+00
6.822810597094724372e+00
7.222460214666992506e+00
-8.689873713642660036e+00
3.413689089890523221e+00
1.696403607027851734e+01
2.016803476712613730e+01
1.600339834027501018e+00
1.087801139377881299e+01
-4.020182889454017783e+01
-4.707003665311617624e+00
-1.039736515539950901e+01
-2.540783265188148476e+01
-2.215993119977381909e+00
-2.205032359044480916e+00
