2.125242309585403433e+01
1.485577675360937100e+01
1.723528096660298914e+01
1.211630650325656511e+01
2.131521808342877478e+01
1.669816301264411962e+01
1.390242841176657329e+01
4.109181128768539359e+00
1.233693708847489079e+00
9.341428110118293660e+00
5.548263234927161003e-01
2.682399907793867300e+01
3.027901490903077697e+00
1.594720105059849224e+01
1.442014198293038163e+01
-1.172565397992664016e+00
-5.031798835431694705e+00
1.271165635906038283e+01
8.688666710690149841e+00
2.009875518299364217e+01
-2.160749209041281915e+01
1.030909842156879819e+01
-2.321093534775709344e+01
-4.132561858075301409e+00
-1.112008600421438764e+01
8.449659250263083621e+00
2.241941465476643458e+01
8.138047000376927187e+00
1.084377691368874785e+01
2.437716723340052027e+01
2.469865295889657730e+01
1.411090741361513601e+01
5.439997522968210042e+00
3.726880818199175849e+01
3.861140794577192281e+01
-4.934643745050227182e+01
1.745156463131886682e+01
-1.267564148021992132e+01
4.134283711958245533e+01
2.417213073274149693e+01
