5 3 2 1 7 8 6 9 4
7 6 1 3 4 9 5 2 8
4 8 9 5 2 6 7 1 3
9 4 5 2 1 3 8 6 7
8 2 3 4 6 7 9 5 1
1 7 6 8 9 5 3 4 2
2 5 7 9 3 1 4 8 6
3 9 4 6 8 2 1 7 5
6 1 8 7 5 4 2 3 9
solve method:MRV
Time cost: 0.2414287
Loop count: 394
-----------------------------------------------------
5 3 2 1 7 8 6 9 4
7 6 1 3 4 9 5 2 8
4 8 9 5 2 6 7 1 3
9 4 5 2 1 3 8 6 7
8 2 3 4 6 7 9 5 1
1 7 6 8 9 5 3 4 2
2 5 7 9 3 1 4 8 6
3 9 4 6 8 2 1 7 5
6 1 8 7 5 4 2 3 9
solve method:GAC
Time cost: 0.2470537
Loop count: 394
-----------------------------------------------------
5 3 2 1 7 8 6 9 4
7 6 1 3 4 9 5 2 8
4 8 9 5 2 6 7 1 3
9 4 5 2 1 3 8 6 7
8 2 3 4 6 7 9 5 1
1 7 6 8 9 5 3 4 2
2 5 7 9 3 1 4 8 6
3 9 4 6 8 2 1 7 5
6 1 8 7 5 4 2 3 9
solve method:CSP
Time cost: 0.018104000000000002
Loop count: 912
-----------------------------------------------------
