1 3 2 9 7 8 6 4 5
5 9 7 6 2 4 8 1 3
6 4 8 1 5 3 2 9 7
2 5 1 7 3 9 4 6 8
4 8 6 2 1 5 3 7 9
3 7 9 4 8 6 1 5 2
7 2 5 3 6 1 9 8 4
8 1 4 5 9 2 7 3 6
9 6 3 8 4 7 5 2 1
solve method:MRV
Time cost: 0.3400835
Loop count: 544
-----------------------------------------------------
1 3 2 9 7 8 6 4 5
5 9 7 6 2 4 8 1 3
6 4 8 1 5 3 2 9 7
2 5 1 7 3 9 4 6 8
4 8 6 2 1 5 3 7 9
3 7 9 4 8 6 1 5 2
7 2 5 3 6 1 9 8 4
8 1 4 5 9 2 7 3 6
9 6 3 8 4 7 5 2 1
solve method:GAC
Time cost: 0.3370385
Loop count: 544
-----------------------------------------------------
1 3 2 9 7 8 6 4 5
5 9 7 6 2 4 8 1 3
6 4 8 1 5 3 2 9 7
2 5 1 7 3 9 4 6 8
4 8 6 2 1 5 3 7 9
3 7 9 4 8 6 1 5 2
7 2 5 3 6 1 9 8 4
8 1 4 5 9 2 7 3 6
9 6 3 8 4 7 5 2 1
solve method:CSP
Time cost: 0.033029300000000004
Loop count: 1620
-----------------------------------------------------
1 3 2 9 7 8 6 4 5
5 9 7 6 2 4 8 1 3
6 4 8 1 5 3 2 9 7
2 5 1 7 3 9 4 6 8
4 8 6 2 1 5 3 7 9
3 7 9 4 8 6 1 5 2
7 2 5 3 6 1 9 8 4
8 1 4 5 9 2 7 3 6
9 6 3 8 4 7 5 2 1
solve method:CSP
Time cost: 0.0289749
Loop count: 1620
-----------------------------------------------------
